SVF
CURVE
0 3 
-0.5875 -0.515 
-0.48 -0.515 
-0.325 -0.2 
CURVE
1 8 
-0.22 0.0075 
-0.0675 0.315 
0.19 0.315 
0.19 0.005 
-0.22 0.0075 
-0.0675 0.315 
0.19 0.315 
0.19 0.005 
CURVE
2 31 
0.1975 -0.21 
0.1975 -0.46 
0.2 -0.482969 
0.2075 -0.499375 
0.22 -0.509219 
0.2375 -0.5125 
0.3575 -0.5125 
0.376094 -0.509219 
0.389375 -0.499375 
0.397344 -0.482969 
0.4 -0.46 
0.4 0.4075 
0.392344 0.457812 
0.369375 0.49375 
0.331094 0.515313 
0.2775 0.5225 
-0.17 0.5225 
-0.635 -0.4075 
-0.635 -0.4725 
-0.632031 -0.491094 
-0.623125 -0.504375 
-0.608281 -0.512344 
-0.5875 -0.515 
-0.48 -0.515 
-0.3275 -0.205 
0.1975 -0.21 
0.1975 -0.46 
0.2 -0.482969 
0.2075 -0.499375 
0.2375 -0.5125 
0.3575 -0.5125 
