SVF
CURVE
0 10 
-0.4975 -0.5175 
0.2425 -0.5175 
0.290625 -0.509375 
0.325 -0.485 
0.345625 -0.444375 
0.3525 -0.3875 
0.3525 -0.1 
0.341111 -0.0416667 
0.306944 -0.00666667 
0.25 0.005 
CURVE
1 5 
0.145 -0.1025 
0.145 -0.3125 
-0.3825 -0.3125 
-0.3825 -0.0975 
0.145 -0.1025 
CURVE
2 1 
0.2475 0.005 
CURVE
3 5 
0.145 0.105 
0.145 0.315 
-0.3775 0.315 
-0.3775 0.105 
0.145 0.105 
CURVE
4 21 
0.2525 0.005 
0.29625 0.0135937 
0.3275 0.039375 
0.34625 0.0823438 
0.3525 0.1425 
0.3525 0.4175 
0.343594 0.464531 
0.316875 0.498125 
0.272344 0.518281 
0.21 0.525 
-0.4725 0.525 
-0.521719 0.516719 
-0.556875 0.491875 
-0.577969 0.450469 
-0.585 0.3925 
-0.585 -0.42 
-0.5775 -0.462656 
-0.555 -0.493125 
-0.5175 -0.511406 
-0.465 -0.5175 
0.2575 -0.5175 
