SVF
CURVE
0 32 
-0.54 -0.5175 
0.345 -0.5175 
0.369063 -0.514063 
0.38625 -0.50375 
0.396562 -0.486563 
0.4 -0.4625 
0.4 -0.3625 
0.396406 -0.340625 
0.385625 -0.325 
0.367656 -0.315625 
0.3425 -0.3125 
-0.4325 -0.3125 
-0.4325 0.315 
0.35 0.315 
0.379167 0.3225 
0.396667 0.345 
0.4025 0.3825 
0.4025 0.47 
0.395556 0.499167 
0.374722 0.516667 
0.34 0.5225 
-0.52 0.5225 
-0.571406 0.515313 
-0.608125 0.49375 
-0.630156 0.457812 
-0.6375 0.4075 
-0.6375 -0.4075 
-0.631406 -0.455625 
-0.613125 -0.49 
-0.582656 -0.510625 
-0.54 -0.5175 
0.345 -0.5175 
