SVF
CURVE
0 40 
-0.535 -0.5175 
0.35 -0.5175 
0.379167 -0.510833 
0.396667 -0.490833 
0.4025 -0.4575 
0.4025 -0.3625 
0.395 -0.333333 
0.3725 -0.315833 
0.335 -0.31 
-0.43 -0.31 
-0.43 -0.1 
0.25 -0.1 
0.276389 -0.0947222 
0.292222 -0.0788889 
0.2975 -0.0525 
0.2975 0.0575 
0.289444 0.0838889 
0.265278 0.0997222 
0.225 0.105 
-0.43 0.105 
-0.43 0.3175 
0.3525 0.3175 
0.380278 0.323889 
0.396944 0.343056 
0.4025 0.375 
0.4025 0.47 
0.393333 0.499167 
0.365833 0.516667 
0.32 0.5225 
-0.525 0.5225 
-0.575313 0.514531 
-0.61125 0.490625 
-0.632813 0.450781 
-0.64 0.395 
-0.64 -0.4175 
-0.633437 -0.46125 
-0.61375 -0.4925 
-0.580938 -0.51125 
-0.535 -0.5175 
0.35 -0.5175 
