SVF
CURVE
0 35 
-0.4325 -0.52 
-0.385 -0.52 
-0.351667 -0.513611 
-0.331667 -0.494444 
-0.325 -0.4625 
-0.325 -0.1 
0.0475 -0.1 
0.0725 -0.0933333 
0.0875 -0.0733333 
0.0925 -0.04 
0.0925 0.0575 
0.0841667 0.0852778 
0.0591667 0.101944 
0.0175 0.1075 
-0.325 0.1075 
-0.325 0.315 
0.245 0.315 
0.275556 0.321944 
0.293889 0.342778 
0.3 0.3775 
0.3 0.47 
0.292778 0.499167 
0.271111 0.516667 
0.235 0.5225 
-0.4275 0.5225 
-0.473437 0.515 
-0.50625 0.4925 
-0.525937 0.455 
-0.5325 0.4025 
-0.5325 -0.46 
-0.526111 -0.493333 
-0.506944 -0.513333 
-0.475 -0.52 
-0.4325 -0.52 
-0.385 -0.52 
