SVF
CURVE
0 44 
-0.5425 -0.5175 
0.2975 -0.5175 
0.343438 -0.509375 
0.37625 -0.485 
0.395938 -0.444375 
0.4025 -0.3875 
0.4025 -0.005 
0.394688 0.043125 
0.37125 0.0775 
0.332188 0.098125 
0.2775 0.105 
-0.1675 0.105 
-0.196667 0.0997222 
-0.214167 0.0838889 
-0.22 0.0575 
-0.22 -0.0575 
-0.213333 -0.0825 
-0.193333 -0.0975 
-0.16 -0.1025 
0.195 -0.1025 
0.195 -0.3125 
-0.43 -0.3125 
-0.43 0.315 
0.3525 0.315 
0.380278 0.321944 
0.396944 0.342778 
0.4025 0.3775 
0.4025 0.47 
0.395278 0.499167 
0.373611 0.516667 
0.3375 0.5225 
-0.525 0.5225 
-0.5655 0.5178 
-0.597 0.5037 
-0.6195 0.4802 
-0.633 0.4473 
-0.6375 0.405 
-0.6375 -0.46 
-0.634062 -0.485156 
-0.62375 -0.503125 
-0.606563 -0.513906 
-0.5825 -0.5175 
-0.5425 -0.5175 
0.2975 -0.5175 
