SVF
CURVE
0 37 
-0.5775 -0.52 
-0.4825 -0.52 
-0.451944 -0.511667 
-0.433611 -0.486667 
-0.4275 -0.445 
-0.4275 -0.1025 
0.1975 -0.1025 
0.1975 -0.46 
0.2025 -0.491944 
0.2175 -0.511111 
0.2425 -0.5175 
0.355 -0.5175 
0.381389 -0.509722 
0.397222 -0.486389 
0.4025 -0.4475 
0.4025 0.4675 
0.395833 0.498056 
0.375833 0.516389 
0.3425 0.5225 
0.2475 0.5225 
0.218333 0.516389 
0.200833 0.498056 
0.195 0.4675 
0.195 0.105 
-0.4325 0.105 
-0.4325 0.4675 
-0.439722 0.499444 
-0.461389 0.518611 
-0.4975 0.525 
-0.5875 0.525 
-0.615278 0.518889 
-0.631944 0.500556 
-0.6375 0.47 
-0.6375 -0.4675 
-0.630833 -0.496667 
-0.610833 -0.514167 
-0.5775 -0.52 
