SVF
CURVE
0 35 
-0.58 -0.5175 
-0.48 -0.5175 
-0.450833 -0.509722 
-0.433333 -0.486389 
-0.4275 -0.4475 
-0.4275 -0.1 
-0.0175 -0.1 
0.195 -0.5175 
0.3525 -0.5175 
0.380278 -0.511389 
0.396944 -0.493056 
0.4025 -0.4625 
0.4025 -0.415 
0.1925 -0 
0.4025 0.42 
0.4025 0.465 
0.395556 0.496944 
0.374722 0.516111 
0.34 0.5225 
0.1925 0.5225 
-0.015 0.1025 
-0.4325 0.1025 
-0.4325 0.47 
-0.438333 0.499167 
-0.455833 0.516667 
-0.485 0.5225 
-0.585 0.5225 
-0.615556 0.516111 
-0.633889 0.496944 
-0.64 0.465 
-0.64 -0.47 
-0.633333 -0.496389 
-0.613333 -0.512222 
-0.58 -0.5175 
-0.48 -0.5175 
