SVF
CURVE
0 36 
-0.7875 -0.5175 
-0.6875 -0.5175 
-0.665625 -0.513281 
-0.65 -0.500625 
-0.640625 -0.479531 
-0.6375 -0.45 
-0.6375 0.315 
-0.2175 -0.52 
-0.0175 -0.52 
0.4025 0.31 
0.4025 -0.4575 
0.408889 -0.490833 
0.428056 -0.510833 
0.46 -0.5175 
0.56 -0.5175 
0.590556 -0.509722 
0.608889 -0.486389 
0.615 -0.4475 
0.615 0.4125 
0.607344 0.460625 
0.584375 0.495 
0.546094 0.515625 
0.4925 0.5225 
0.3025 0.5225 
-0.1175 -0.31 
-0.5325 0.5225 
-0.7275 0.5225 
-0.778906 0.515469 
-0.815625 0.494375 
-0.837656 0.459219 
-0.845 0.41 
-0.845 -0.465 
-0.838611 -0.494167 
-0.819444 -0.511667 
-0.7875 -0.5175 
-0.6875 -0.5175 
