SVF
CURVE
0 34 
-0.6325 -0.5175 
-0.535 -0.5175 
-0.504444 -0.511111 
-0.486111 -0.491944 
-0.48 -0.46 
-0.48 0.21 
0.2475 -0.515 
0.3575 -0.515 
0.40125 -0.507187 
0.4325 -0.48375 
0.45125 -0.444687 
0.4575 -0.39 
0.4575 0.46 
0.450833 0.494722 
0.430833 0.515556 
0.3975 0.5225 
0.3025 0.5225 
0.271944 0.516389 
0.253611 0.498056 
0.2475 0.4675 
0.2475 -0.205 
-0.4775 0.52 
-0.585 0.52 
-0.6219 0.5152 
-0.6506 0.5008 
-0.6711 0.4768 
-0.6834 0.4432 
-0.6875 0.4 
-0.6875 -0.4575 
-0.684063 -0.48375 
-0.67375 -0.5025 
-0.656562 -0.51375 
-0.6325 -0.5175 
-0.535 -0.5175 
