SVF
CURVE
0 6 
-0.4725 -0.5175 
-0.375 -0.5175 
-0.345833 -0.509722 
-0.328333 -0.486389 
-0.3225 -0.4475 
-0.3225 -0.0975 
CURVE
1 5 
-0.325 0.105 
-0.325 0.3175 
0.09 0.3175 
0.09 0.1025 
-0.325 0.105 
CURVE
2 24 
-0.325 -0.0975 
0.2025 -0.0975 
0.245156 -0.0898438 
0.275625 -0.066875 
0.293906 -0.0285937 
0.3 0.025 
0.3 0.4075 
0.2951 0.4489 
0.2804 0.4811 
0.2559 0.5041 
0.2216 0.5179 
0.1775 0.5225 
-0.4075 0.5225 
-0.4525 0.5176 
-0.4875 0.5029 
-0.5125 0.4784 
-0.5275 0.4441 
-0.5325 0.4 
-0.5325 -0.4675 
-0.52875 -0.489375 
-0.5175 -0.505 
-0.49875 -0.514375 
-0.4725 -0.5175 
-0.3725 -0.5175 
