SVF
CURVE
0 26 
-0.49 -0.5175 
0.2825 -0.5175 
0.3257 -0.5128 
0.3593 -0.4987 
0.3833 -0.4752 
0.3977 -0.4423 
0.4025 -0.4 
0.4025 0.3975 
0.3976 0.4425 
0.3829 0.4775 
0.3584 0.5025 
0.3241 0.5175 
0.28 0.5225 
-0.52 0.5225 
-0.5632 0.518 
-0.5968 0.5045 
-0.6208 0.482 
-0.6352 0.4505 
-0.64 0.41 
-0.64 -0.405 
-0.6351 -0.4455 
-0.6204 -0.477 
-0.5959 -0.4995 
-0.5616 -0.513 
-0.5175 -0.5175 
-0.49 -0.5175 
CURVE
1 10 
-0.43 -0.3125 
0.09 -0.3125 
-0.1175 -0.1025 
-0.1175 0.0025 
-0.02 0.0025 
0.1975 -0.21 
0.1975 0.3175 
-0.43 0.3175 
-0.43 -0.3125 
0.09 -0.3125 
