SVF
CURVE
0 6 
-0.5825 -0.52 
-0.49 -0.52 
-0.456667 -0.5125 
-0.436667 -0.49 
-0.43 -0.4525 
-0.43 -0.1025 
CURVE
1 5 
-0.43 0.1025 
-0.43 0.3175 
0.09 0.3175 
0.09 0.1025 
-0.43 0.1025 
CURVE
2 29 
-0.43 -0.105 
-0.43 -0.1 
-0.015 -0.1 
0.1925 -0.5175 
0.2825 -0.5175 
0.333906 -0.51125 
0.370625 -0.4925 
0.392656 -0.46125 
0.4 -0.4175 
0.245 -0.1025 
0.2975 -0 
0.2975 0.405 
0.2927 0.4473 
0.2783 0.4802 
0.2543 0.5037 
0.2207 0.5178 
0.1775 0.5225 
-0.515 0.5225 
-0.5591 0.5182 
-0.5934 0.5053 
-0.6179 0.4838 
-0.6326 0.4537 
-0.6375 0.415 
-0.6375 -0.455 
-0.633906 -0.483437 
-0.623125 -0.50375 
-0.605156 -0.515937 
-0.58 -0.52 
-0.485 -0.52 
