SVF
CURVE
0 51 
-0.545 -0.5175 
0.285 -0.5175 
0.3264 -0.5132 
0.3586 -0.5003 
0.3816 -0.4788 
0.3954 -0.4487 
0.4 -0.41 
0.4 -0.02 
0.3954 0.025 
0.3816 0.06 
0.3586 0.085 
0.3264 0.1 
0.285 0.105 
-0.4325 0.105 
-0.4325 0.3175 
0.3375 0.3175 
0.364844 0.321094 
0.384375 0.331875 
0.396094 0.349844 
0.4 0.375 
0.4 0.4625 
0.396094 0.48875 
0.384375 0.5075 
0.364844 0.51875 
0.3375 0.5225 
-0.5175 0.5225 
-0.5616 0.5179 
-0.5959 0.5041 
-0.6204 0.4811 
-0.6351 0.4489 
-0.64 0.4075 
-0.64 0.0225 
-0.6354 -0.0225 
-0.6216 -0.0575 
-0.5986 -0.0825 
-0.5664 -0.0975 
-0.525 -0.1025 
0.195 -0.1025 
0.195 -0.3125 
-0.575 -0.3125 
-0.602344 -0.315781 
-0.621875 -0.325625 
-0.633594 -0.342031 
-0.6375 -0.365 
-0.6375 -0.4625 
-0.634062 -0.486563 
-0.62375 -0.50375 
-0.606563 -0.514063 
-0.5825 -0.5175 
-0.545 -0.5175 
0.285 -0.5175 
