SVF
CURVE
0 34 
-0.425 -0.5175 
0.1825 -0.5175 
0.232813 -0.510781 
0.26875 -0.490625 
0.290312 -0.457031 
0.2975 -0.41 
0.2975 0.47 
0.293594 0.492969 
0.281875 0.509375 
0.262344 0.519219 
0.235 0.5225 
0.1425 0.5225 
0.119531 0.51875 
0.103125 0.5075 
0.0932812 0.48875 
0.09 0.4625 
0.09 -0.31 
-0.325 -0.31 
-0.325 0.4575 
-0.328281 0.485938 
-0.338125 0.50625 
-0.354531 0.518438 
-0.3775 0.5225 
-0.475 0.5225 
-0.500156 0.51875 
-0.518125 0.5075 
-0.528906 0.48875 
-0.5325 0.4625 
-0.5325 -0.415 
-0.5276 -0.4519 
-0.5129 -0.4806 
-0.4884 -0.5011 
-0.4541 -0.5134 
-0.41 -0.5175 
