SVF
CURVE
0 52 
-0.6225 -0.5175 
-0.325 -0.5175 
-0.1175 -0.1025 
0.0925 -0.5175 
0.3975 -0.5175 
0.431875 -0.513958 
0.46 -0.503333 
0.481875 -0.485625 
0.4975 -0.460833 
0.506875 -0.428958 
0.51 -0.39 
0.51 0.4625 
0.508194 0.480833 
0.502778 0.495833 
0.49375 0.5075 
0.481111 0.515833 
0.464861 0.520833 
0.445 0.5225 
0.3625 0.5225 
0.342639 0.520903 
0.326389 0.516111 
0.31375 0.508125 
0.304722 0.496944 
0.299306 0.482569 
0.2975 0.465 
0.2975 -0.315 
0.195 -0.315 
-0.0125 0.1025 
-0.22 0.1025 
-0.43 -0.3125 
-0.535 -0.3125 
-0.535 0.4575 
-0.536458 0.477361 
-0.540833 0.493611 
-0.548125 0.50625 
-0.558333 0.515278 
-0.571458 0.520694 
-0.5875 0.5225 
-0.6775 0.5225 
-0.697361 0.520972 
-0.713611 0.516389 
-0.72625 0.50875 
-0.735278 0.498056 
-0.740694 0.484306 
-0.7425 0.4675 
-0.7425 -0.395 
-0.739167 -0.432431 
-0.729167 -0.463056 
-0.7125 -0.486875 
-0.689167 -0.503889 
-0.659167 -0.514097 
-0.6225 -0.5175 
