SVF
CURVE
0 42 
-0.455 -0.52 
0.2925 -0.52 
0.3132 -0.5175 
0.3293 -0.51 
0.3408 -0.4975 
0.3477 -0.48 
0.35 -0.4575 
0.35 -0.37 
0.3477 -0.3493 
0.3408 -0.3332 
0.3293 -0.3217 
0.3132 -0.3148 
0.2925 -0.3125 
-0.2775 -0.3125 
0.3475 0.3125 
0.3475 0.42 
0.3426 0.4569 
0.3279 0.4856 
0.3034 0.5061 
0.2691 0.5184 
0.225 0.5225 
-0.52 0.5225 
-0.5434 0.5204 
-0.5616 0.5141 
-0.5746 0.5036 
-0.5824 0.4889 
-0.585 0.47 
-0.585 0.3725 
-0.5828 0.3518 
-0.5762 0.3357 
-0.5652 0.3242 
-0.5498 0.3173 
-0.53 0.315 
0.04 0.315 
-0.5825 -0.3075 
-0.5825 -0.415 
-0.578958 -0.447083 
-0.568333 -0.473333 
-0.550625 -0.49375 
-0.525833 -0.508333 
-0.493958 -0.517083 
-0.455 -0.52 
