SVF
CURVE
0 60 
0.05 0.03 
0.0375 0.0075 
0.0325 -0.02 
0.0275 -0.0475 
0.0175 -0.06 
0.025 -0.095 
0.0425 -0.12 
0.06 -0.15 
0.08 -0.1775 
0.1 -0.1975 
0.1275 -0.225 
0.15 -0.245 
0.1775 -0.265 
0.2025 -0.2725 
0.2275 -0.2525 
0.26 -0.2325 
0.2875 -0.2125 
0.3175 -0.1925 
0.35 -0.1725 
0.38 -0.1525 
0.415 -0.1275 
0.4425 -0.105 
0.47 -0.085 
0.4925 -0.0625 
0.515 -0.045 
0.52 -0.0175 
0.51 0.0125 
0.4975 0.0475 
0.495 0.0775 
0.4975 0.1175 
0.5 0.145 
0.5 0.1775 
0.4825 0.2075 
0.4525 0.2325 
0.42 0.255 
0.3925 0.275 
0.3575 0.295 
0.34 0.31 
0.3125 0.3275 
0.3 0.3525 
0.2975 0.3875 
0.32 0.41 
0.355 0.435 
0.39 0.4625 
0.4225 0.4775 
0.4575 0.4975 
0.49 0.5175 
0.52 0.54 
0.54 0.5775 
0.555 0.6125 
0.55 0.6525 
0.52 0.68 
0.4875 0.7075 
0.4475 0.75 
0.41 0.7775 
0.385 0.8025 
0.37 0.8325 
0.36 0.865 
0.3375 0.895 
0.3125 0.92 
CURVE
1 41 
-0.03 0.05 
0 0.04 
0.02 0.035 
0.05 0.025 
0.0775 0.0175 
0.1075 0.0325 
0.1375 0.065 
0.1675 0.075 
0.1925 0.1025 
0.225 0.1375 
0.25 0.1625 
0.265 0.19 
0.2475 0.23 
0.2125 0.2675 
0.195 0.3025 
0.17 0.34 
0.145 0.3825 
0.1225 0.42 
0.09 0.4725 
0.0625 0.5025 
0.03 0.5275 
-0.005 0.5175 
-0.0475 0.4975 
-0.0875 0.495 
-0.115 0.5025 
-0.145 0.5025 
-0.1725 0.535 
-0.205 0.5675 
-0.2375 0.5475 
-0.2775 0.51 
-0.3 0.4675 
-0.3325 0.4325 
-0.355 0.4125 
-0.4025 0.4175 
-0.44 0.45 
-0.465 0.4725 
-0.5025 0.51 
-0.5175 0.5425 
-0.5375 0.575 
-0.56 0.6125 
-0.575 0.65 
CURVE
2 55 
0.0275 -0.0475 
-0.0075 -0.0375 
-0.0325 -0.03 
-0.0625 -0.0275 
-0.0825 -0.02 
-0.1 -0.0225 
-0.125 -0.0475 
-0.15 -0.0625 
-0.185 -0.0825 
-0.205 -0.1075 
-0.2375 -0.1425 
-0.2575 -0.17 
-0.2725 -0.1925 
-0.2625 -0.225 
-0.23 -0.2525 
-0.2125 -0.2825 
-0.1825 -0.3225 
-0.165 -0.3425 
-0.1475 -0.3775 
-0.1375 -0.405 
-0.115 -0.4425 
-0.1025 -0.455 
-0.07 -0.4925 
-0.045 -0.5125 
-0.0175 -0.5225 
0.005 -0.5125 
0.0425 -0.5025 
0.07 -0.5 
0.115 -0.505 
0.1475 -0.5 
0.1875 -0.4975 
0.2125 -0.475 
0.2275 -0.45 
0.2575 -0.42 
0.2775 -0.3925 
0.2975 -0.355 
0.3275 -0.325 
0.355 -0.305 
0.38 -0.3075 
0.4025 -0.33 
0.4475 -0.365 
0.47 -0.4025 
0.475 -0.43 
0.5025 -0.47 
0.5175 -0.5025 
0.55 -0.525 
0.6125 -0.5475 
0.6525 -0.5425 
0.6925 -0.505 
0.72 -0.4775 
0.7475 -0.4525 
0.8075 -0.415 
0.825 -0.395 
0.88 -0.3725 
0.9175 -0.355 
CURVE
3 32 
-0.045 -0.025 
-0.0375 -0 
-0.0325 0.025 
-0.0275 0.05 
-0.025 0.085 
-0.0525 0.1275 
-0.08 0.16 
-0.1075 0.19 
-0.13 0.2175 
-0.155 0.24 
-0.1825 0.2675 
-0.2175 0.29 
-0.25 0.3125 
-0.2675 0.3325 
-0.2925 0.38 
-0.275 0.4275 
-0.2575 0.45 
-0.235 0.4775 
-0.2025 0.4975 
-0.17 0.5225 
-0.1425 0.565 
-0.14 0.6125 
-0.14 0.6425 
-0.17 0.67 
-0.215 0.71 
-0.2425 0.745 
-0.2825 0.7825 
-0.3225 0.8225 
-0.3325 0.865 
-0.3475 0.8925 
-0.375 0.92 
-0.4075 0.9525 
CURVE
4 28 
-0.135 -0.0525 
-0.16 -0.0675 
-0.175 -0.075 
-0.1875 -0.0875 
-0.2025 -0.1075 
-0.2125 -0.1375 
-0.215 -0.165 
-0.1975 -0.1875 
-0.1775 -0.2225 
-0.1625 -0.24 
-0.1425 -0.2725 
-0.1275 -0.305 
-0.115 -0.3475 
-0.115 -0.3725 
-0.1375 -0.395 
-0.1725 -0.4225 
-0.2025 -0.4375 
-0.2225 -0.45 
-0.2575 -0.475 
-0.2975 -0.4925 
-0.3275 -0.4975 
-0.3675 -0.5175 
-0.395 -0.5275 
-0.42 -0.54 
-0.4425 -0.555 
-0.46 -0.59 
-0.475 -0.6125 
-0.48 -0.6325 
CURVE
5 27 
-0.3325 -0.0025 
-0.325 -0.0275 
-0.35 -0.05 
-0.38 -0.075 
-0.4 -0.0925 
-0.425 -0.1125 
-0.4725 -0.135 
-0.5225 -0.1575 
-0.56 -0.1925 
-0.555 -0.2175 
-0.54 -0.245 
-0.52 -0.2625 
-0.4875 -0.2775 
-0.4625 -0.2975 
-0.435 -0.325 
-0.4175 -0.3525 
-0.415 -0.38 
-0.425 -0.41 
-0.46 -0.4475 
-0.485 -0.465 
-0.52 -0.485 
-0.54 -0.5075 
-0.5825 -0.525 
-0.595 -0.545 
-0.605 -0.57 
-0.615 -0.5975 
-0.62 -0.6375 
CURVE
6 30 
-0.3325 -0.005 
-0.3425 0.025 
-0.3375 0.0575 
-0.335 0.0975 
-0.325 0.14 
-0.325 0.1675 
-0.3325 0.21 
-0.3475 0.2275 
-0.38 0.245 
-0.4125 0.265 
-0.4425 0.28 
-0.4825 0.3175 
-0.4975 0.335 
-0.5125 0.3625 
-0.51 0.395 
-0.4875 0.4175 
-0.45 0.43 
-0.415 0.46 
-0.385 0.48 
-0.36 0.495 
-0.3275 0.5125 
-0.305 0.5275 
-0.2825 0.5425 
-0.26 0.57 
-0.25 0.595 
-0.2475 0.6175 
-0.2425 0.6475 
-0.245 0.68 
-0.2325 0.7025 
-0.22 0.7375 
CURVE
7 17 
0.345 -0.05 
0.3325 -0.085 
0.33 -0.1125 
0.33 -0.14 
0.3225 -0.185 
0.3375 -0.21 
0.365 -0.2325 
0.4 -0.2525 
0.43 -0.2825 
0.46 -0.2975 
0.5075 -0.3325 
0.525 -0.3725 
0.5425 -0.4125 
0.555 -0.4325 
0.5725 -0.4525 
0.5975 -0.4625 
0.63 -0.4825 
CURVE
8 31 
-0.485 0.485 
-0.52 0.4775 
-0.5625 0.4675 
-0.5925 0.4575 
-0.64 0.435 
-0.6725 0.405 
-0.69 0.3725 
-0.6925 0.34 
-0.6975 0.3 
-0.705 0.2775 
-0.735 0.2575 
-0.76 0.2525 
-0.7875 0.255 
-0.8075 0.27 
-0.845 0.2875 
-0.88 0.31 
-0.9175 0.3225 
-0.9275 0.35 
-0.9525 0.365 
-0.9525 0.415 
-0.9425 0.4575 
-0.9225 0.4775 
-0.905 0.4925 
-0.86 0.535 
-0.8325 0.575 
-0.8325 0.6175 
-0.84 0.6475 
-0.8575 0.67 
-0.8825 0.695 
-0.9175 0.7225 
-0.93 0.7375 
CURVE
9 18 
-0.485 0.4825 
-0.4675 0.4925 
-0.4425 0.5075 
-0.42 0.5225 
-0.3925 0.5425 
-0.3725 0.5675 
-0.3525 0.595 
-0.3425 0.6225 
-0.34 0.6575 
-0.3525 0.6825 
-0.38 0.7125 
-0.395 0.745 
-0.415 0.7775 
-0.4375 0.805 
-0.45 0.8325 
-0.46 0.8625 
-0.475 0.895 
-0.485 0.9125 
CURVE
10 12 
-0.2425 0.65 
-0.2725 0.675 
-0.3025 0.7 
-0.32 0.7225 
-0.34 0.7475 
-0.355 0.7625 
-0.375 0.78 
-0.395 0.7975 
-0.4025 0.8125 
-0.4175 0.85 
-0.4275 0.8825 
-0.4525 0.9075 
CURVE
11 33 
0.0475 0.0275 
0.075 0.0475 
0.09 0.0625 
0.115 0.0775 
0.1425 0.1 
0.1825 0.12 
0.1925 0.1475 
0.21 0.1725 
0.1925 0.2075 
0.165 0.2275 
0.1425 0.2475 
0.125 0.2875 
0.115 0.3225 
0.105 0.355 
0.105 0.3825 
0.1375 0.4075 
0.1675 0.43 
0.2 0.4525 
0.235 0.4675 
0.27 0.48 
0.3075 0.505 
0.3425 0.515 
0.375 0.525 
0.4075 0.535 
0.435 0.5575 
0.4625 0.5925 
0.4725 0.6375 
0.455 0.6775 
0.4275 0.7025 
0.3975 0.74 
0.3625 0.7775 
0.315 0.8225 
0.2975 0.8575 
CURVE
12 13 
0.21 -0.485 
0.1925 -0.51 
0.17 -0.525 
0.145 -0.55 
0.135 -0.5825 
0.135 -0.62 
0.15 -0.66 
0.175 -0.6875 
0.2 -0.7075 
0.23 -0.735 
0.2525 -0.765 
0.28 -0.79 
0.3125 -0.8025 
CURVE
13 17 
-0.0475 -0.0375 
-0.045 -0.015 
-0.0325 0.0125 
-0.0325 0.04 
-0.0425 0.065 
-0.07 0.1025 
-0.1 0.14 
-0.1375 0.185 
-0.1575 0.21 
-0.185 0.2325 
-0.225 0.26 
-0.2625 0.29 
-0.32 0.3275 
-0.3475 0.3525 
-0.365 0.375 
-0.36 0.41 
-0.33 0.4375 
CURVE
14 23 
0.4725 0.225 
0.4875 0.2025 
0.505 0.185 
0.5275 0.1625 
0.565 0.145 
0.605 0.135 
0.6375 0.1375 
0.6575 0.1575 
0.695 0.185 
0.71 0.2075 
0.7375 0.2425 
0.7675 0.2625 
0.7775 0.2825 
0.7975 0.3125 
0.835 0.335 
0.8575 0.345 
0.88 0.355 
0.8875 0.38 
0.9075 0.3925 
0.925 0.4 
0.97 0.4075 
0.97 0.4075 
0.99 0.405 
CURVE
15 7 
0.875 0.35 
0.8775 0.335 
0.8925 0.32 
0.91 0.3025 
0.925 0.2925 
0.9525 0.2825 
0.9725 0.28 
CURVE
16 11 
0.5375 0.7675 
0.5175 0.785 
0.4975 0.805 
0.48 0.82 
0.4725 0.8425 
0.465 0.865 
0.4525 0.89 
0.4425 0.9125 
0.4325 0.94 
0.435 0.97 
0.4425 0.9825 
CURVE
17 22 
0.565 0.7425 
0.5825 0.725 
0.6 0.705 
0.6125 0.6975 
0.635 0.6875 
0.67 0.67 
0.7 0.65 
0.725 0.6225 
0.73 0.6 
0.73 0.5625 
0.745 0.5475 
0.7675 0.55 
0.7775 0.5625 
0.7975 0.5775 
0.81 0.6 
0.815 0.625 
0.7975 0.6725 
0.7675 0.6975 
0.7325 0.73 
0.705 0.755 
0.6825 0.78 
0.67 0.795 
CURVE
18 13 
-0.4375 0.6275 
-0.435 0.675 
-0.45 0.7225 
-0.4725 0.7575 
-0.4925 0.775 
-0.52 0.8075 
-0.525 0.8325 
-0.5275 0.865 
-0.5375 0.9 
-0.5525 0.9175 
-0.56 0.94 
-0.5475 0.98 
-0.5425 0.9975 
CURVE
19 37 
-0.03 -0.3575 
0.005 -0.33 
0.03 -0.325 
0.065 -0.36 
0.0775 -0.3875 
0.1075 -0.42 
0.1325 -0.455 
0.1575 -0.49 
0.1725 -0.53 
0.1825 -0.5575 
0.1975 -0.565 
0.2225 -0.5575 
0.255 -0.53 
0.2725 -0.4975 
0.2975 -0.4575 
0.3175 -0.4325 
0.3575 -0.4075 
0.385 -0.4025 
0.4125 -0.415 
0.4375 -0.435 
0.455 -0.4575 
0.47 -0.4875 
0.48 -0.52 
0.4925 -0.545 
0.51 -0.5725 
0.5325 -0.6025 
0.555 -0.6175 
0.565 -0.625 
0.61 -0.625 
0.655 -0.575 
0.675 -0.5525 
0.7 -0.515 
0.7225 -0.4875 
0.7825 -0.455 
0.835 -0.4175 
0.895 -0.3825 
0.96 -0.3625 
CURVE
20 17 
0.2525 -0.5375 
0.2525 -0.5675 
0.2525 -0.5975 
0.245 -0.6275 
0.24 -0.6525 
0.23 -0.685 
0.2275 -0.72 
0.21 -0.74 
0.1975 -0.765 
0.185 -0.79 
0.18 -0.8125 
0.175 -0.85 
0.17 -0.875 
0.165 -0.92 
0.1525 -0.95 
0.1175 -0.975 
0.0975 -0.9925 
CURVE
21 12 
-0.505 -0.27 
-0.5525 -0.2525 
-0.5875 -0.25 
-0.63 -0.245 
-0.665 -0.2425 
-0.7075 -0.2325 
-0.7425 -0.2125 
-0.7675 -0.1925 
-0.7975 -0.185 
-0.8325 -0.18 
-0.86 -0.1775 
-0.905 -0.17 
CURVE
22 19 
-0.045 -0.0325 
-0.04 0.005 
-0.0325 0.04 
-0.0275 0.085 
-0.0425 0.1075 
-0.0775 0.125 
-0.11 0.16 
-0.1475 0.2 
-0.1675 0.22 
-0.195 0.2375 
-0.23 0.245 
-0.26 0.2375 
-0.3025 0.215 
-0.33 0.2 
-0.36 0.1825 
-0.385 0.1575 
-0.43 0.135 
-0.4525 0.1125 
-0.4675 0.09 
CURVE
23 33 
0.05 0.3475 
0.075 0.3425 
0.1 0.3325 
0.1375 0.325 
0.165 0.32 
0.2225 0.3325 
0.2425 0.385 
0.265 0.415 
0.2825 0.445 
0.31 0.48 
0.3325 0.4975 
0.35 0.5125 
0.385 0.5075 
0.4025 0.4825 
0.4125 0.46 
0.4525 0.4275 
0.4675 0.4 
0.485 0.37 
0.5 0.34 
0.5175 0.31 
0.54 0.2725 
0.5725 0.255 
0.5975 0.25 
0.63 0.2425 
0.67 0.235 
0.6975 0.23 
0.755 0.2025 
0.7875 0.185 
0.8175 0.1775 
0.8525 0.1725 
0.89 0.1675 
0.9125 0.16 
0.955 0.1425 
CURVE
24 13 
0.0475 0.3425 
0.025 0.345 
0 0.335 
-0.02 0.3275 
-0.0425 0.34 
-0.07 0.37 
-0.105 0.4 
-0.1125 0.4225 
-0.1375 0.4575 
-0.15 0.4875 
-0.1575 0.52 
-0.155 0.5475 
-0.145 0.565 
CURVE
25 30 
-0.025 -0.3575 
-0.055 -0.3475 
-0.09 -0.3375 
-0.1225 -0.33 
-0.17 -0.33 
-0.2075 -0.3425 
-0.2475 -0.3725 
-0.265 -0.4025 
-0.2875 -0.4275 
-0.3025 -0.46 
-0.3425 -0.5025 
-0.37 -0.53 
-0.4175 -0.53 
-0.46 -0.51 
-0.485 -0.4975 
-0.51 -0.495 
-0.5325 -0.505 
-0.57 -0.53 
-0.6125 -0.545 
-0.6325 -0.555 
-0.655 -0.57 
-0.6975 -0.5625 
-0.705 -0.5375 
-0.73 -0.5175 
-0.7525 -0.5 
-0.7825 -0.495 
-0.815 -0.505 
-0.8425 -0.515 
-0.865 -0.5225 
-0.8875 -0.5225 
CURVE
26 27 
0.5225 -0.595 
0.54 -0.6175 
0.545 -0.64 
0.5425 -0.67 
0.5125 -0.705 
0.5 -0.72 
0.4675 -0.7525 
0.49 -0.785 
0.5125 -0.8125 
0.54 -0.84 
0.565 -0.8575 
0.5875 -0.8575 
0.625 -0.8425 
0.6475 -0.82 
0.6875 -0.805 
0.715 -0.815 
0.73 -0.83 
0.765 -0.85 
0.765 -0.85 
0.8 -0.8525 
0.83 -0.855 
0.86 -0.865 
0.88 -0.875 
0.9275 -0.8975 
0.945 -0.93 
0.96 -0.97 
0.9625 -0.985 
CURVE
27 8 
0.025 -0.055 
0.0075 -0.0925 
-0.025 -0.1125 
-0.0975 -0.15 
-0.1425 -0.1875 
-0.1575 -0.22 
-0.15 -0.2575 
-0.13 -0.305 
CURVE
28 36 
-0.5 -0.06 
-0.5075 -0.1025 
-0.5075 -0.1275 
-0.505 -0.1575 
-0.5075 -0.19 
-0.4975 -0.22 
-0.47 -0.2375 
-0.425 -0.26 
-0.4025 -0.28 
-0.3825 -0.295 
-0.36 -0.31 
-0.335 -0.325 
-0.315 -0.345 
-0.3025 -0.38 
-0.32 -0.405 
-0.355 -0.4375 
-0.385 -0.4525 
-0.415 -0.4725 
-0.4375 -0.4875 
-0.4775 -0.505 
-0.5075 -0.53 
-0.5275 -0.5525 
-0.55 -0.59 
-0.5525 -0.62 
-0.545 -0.65 
-0.5275 -0.68 
-0.515 -0.715 
-0.4975 -0.745 
-0.475 -0.7625 
-0.45 -0.79 
-0.4275 -0.8175 
-0.4125 -0.845 
-0.4025 -0.8675 
-0.3925 -0.9075 
-0.385 -0.9375 
-0.38 -0.9625 
CURVE
29 19 
0.175 -0.0025 
0.1575 -0.035 
0.1525 -0.055 
0.15 -0.09 
0.165 -0.1275 
0.195 -0.1575 
0.2225 -0.1625 
0.26 -0.1525 
0.2775 -0.14 
0.325 -0.1225 
0.3525 -0.1175 
0.375 -0.12 
0.395 -0.15 
0.42 -0.18 
0.4425 -0.2075 
0.475 -0.2425 
0.4925 -0.2725 
0.505 -0.3075 
0.5125 -0.345 
CURVE
30 6 
0.17 -0.005 
0.19 0.03 
0.2 0.065 
0.22 0.1075 
0.225 0.13 
0.2425 0.1625 
CURVE
31 22 
0.5075 0.435 
0.4925 0.46 
0.48 0.4925 
0.4725 0.515 
0.46 0.5725 
0.4425 0.6225 
0.42 0.645 
0.39 0.6725 
0.3625 0.685 
0.33 0.6975 
0.3075 0.695 
0.27 0.7 
0.255 0.7175 
0.24 0.755 
0.2425 0.7975 
0.26 0.83 
0.2825 0.85 
0.3025 0.87 
0.32 0.9025 
0.335 0.935 
0.3575 0.9675 
0.395 0.99 
CURVE
32 20 
0.4975 0.445 
0.515 0.42 
0.535 0.3925 
0.545 0.3725 
0.5775 0.3575 
0.6075 0.345 
0.6425 0.345 
0.6825 0.36 
0.715 0.38 
0.7475 0.4025 
0.7775 0.4275 
0.7975 0.44 
0.82 0.4525 
0.8425 0.4575 
0.8675 0.465 
0.905 0.48 
0.9275 0.4825 
0.95 0.475 
0.98 0.4625 
0.98 0.4625 
CURVE
33 16 
0.555 0.525 
0.585 0.5375 
0.5975 0.5575 
0.605 0.59 
0.61 0.64 
0.5875 0.67 
0.5425 0.69 
0.5025 0.7125 
0.465 0.745 
0.4325 0.7825 
0.415 0.81 
0.3925 0.845 
0.38 0.8775 
0.3675 0.8975 
0.35 0.925 
0.3325 0.9425 
CURVE
34 16 
0.5575 0.5275 
0.5325 0.515 
0.5075 0.4975 
0.485 0.4825 
0.455 0.455 
0.4375 0.43 
0.41 0.4 
0.4025 0.3725 
0.4175 0.34 
0.43 0.325 
0.4525 0.31 
0.4675 0.2925 
0.495 0.2775 
0.5175 0.265 
0.5425 0.2525 
0.5675 0.2525 
CURVE
35 19 
0.5125 -0.5025 
0.525 -0.53 
0.545 -0.545 
0.57 -0.5575 
0.5975 -0.57 
0.6225 -0.58 
0.65 -0.5875 
0.665 -0.6075 
0.69 -0.63 
0.715 -0.6575 
0.725 -0.7025 
0.7275 -0.735 
0.7525 -0.7625 
0.8 -0.7775 
0.8725 -0.785 
0.9175 -0.82 
0.9475 -0.86 
0.9725 -0.9075 
0.985 -0.9625 
